S(p) = T1 / Tp
S(2) = 44.47848105 / 29.36687613 ≈ 1.5146
S(4) = 44.47848105 / 14.99037218 ≈ 2.9665
S(8) = 44.47848105 / 11.15377808 ≈ 3.9888
S(16) = 44.47848105 / 5.648139 ≈ 7.8745

alpha = (1/S(p) - 1/p) / (1 - 1/p)
alpha_2 = (1/1.5146 - 1/2) / (1 - 1/2) ≈ 0.3204
alpha_4 = (1/2.9665 - 1/4) / (1 - 1/4) ≈ 0.1162
alpha_8 = (1/3.9888 - 1/8) / (1 - 1/8) ≈ 0.1437
alpha_16 = (1/7.8745 - 1/16) / (1 - 1/16) ≈ 0.0688

S_max = 1 / alpha
S_max,2 = 1 / 0.3204 ≈ 3.12
S_max,4 = 1 / 0.1162 ≈ 8.61
S_max,8 = 1 / 0.1437 ≈ 6.96
S_max,16 = 1 / 0.0688 ≈ 14.54